-1
-1
116
425
424
423
449
446
447
441
445
442
443
448
459
455
456
458
453
454
451
452
457
450
-1
-1
-1
-1
444
384
380
383
379
382
381
393
389
386
388
390
387
392
391
385
461
462
3523
338
337
336
339
378
377
351
353
356
352
354
349
347
346
348
3520
3466
3465
3464
402
403
404
399
400
401
398
394
395
405
412
413
414
409
410
411
408
331
332
330
334
335
333
324
325
326
407
406
396
340
323
319
322
318
320
321
314
313
312
317
316
315
0
433
435
434
440
460
438
439
360
363
361
358
357
365
362
359
364
366
369
373
367
370
374
376
372
371
375
368
417
421
422
420
436
416
418
419
343
341
1830
1848
1823
1867
948
-1
-1
-1
-1
2388
1416
1419
1415
1422
1413
-1
939
954
945
943
-1
-1
940
944
-1
-1
-1
947
946
-1
-1
-1
-1
941
942
14
15
10
11
16
17
12
13
1
2
-1
-1
-1
-1
3430
120
-1
-1
-1
235
236
237
113
80
81
96
98
99
95
231
230
220
292
293
221
224
222
226
225
223
227
238
232
229
206
234
233
119
118
117
76
78
79
77
239
240
241
-1
-1
-1
-1
-1
-1
55
56
58
59
57
249
72
74
75
73
244
51
53
54
52
245
60
62
63
61
246
64
66
67
65
247
248
258
-1
-1
-1
291
257
259
260
261
262
263
264
265
266
267
268
269
-1
1277
1265
1267
1273
1287
1282
1283
1289
1290
1676
-1
1600
1671
1756
270
272
271
273
274
275
276
277
278
279
280
281
282
283
284
285
287
288
289
286
290
-1
949
953
294
295
296
297
298
299
300
301
302
303
304
305
306
307
308
309
310
311
3578
327
328
329
950
951
952
469
468
467
466
1160
1159
